<?xml version="1.0" encoding="utf-8"?>
<COLLADA xmlns="http://www.collada.org/2005/11/COLLADASchema" version="1.4.1">
  <asset>
    <contributor>
      <author>Blender User</author>
      <authoring_tool>Blender 2.76.0 commit date:2015-10-11, commit time:06:55, hash:48f7dd6</authoring_tool>
    </contributor>
    <created>2015-11-22T16:07:44</created>
    <modified>2015-11-22T16:07:44</modified>
    <unit name="meter" meter="1"/>
    <up_axis>Z_UP</up_axis>
  </asset>
  <library_cameras>
    <camera id="Camera-camera" name="Camera">
      <optics>
        <technique_common>
          <perspective>
            <xfov sid="xfov">49.13434</xfov>
            <aspect_ratio>1.777778</aspect_ratio>
            <znear sid="znear">0.1</znear>
            <zfar sid="zfar">100</zfar>
          </perspective>
        </technique_common>
      </optics>
      <extra>
        <technique profile="blender">
          <YF_dofdist>0</YF_dofdist>
          <shiftx>0</shiftx>
          <shifty>0</shifty>
        </technique>
      </extra>
    </camera>
  </library_cameras>
  <library_lights>
    <light id="Lamp-light" name="Lamp">
      <technique_common>
        <ambient>
          <color>1 1 1</color>
        </ambient>
      </technique_common>
      <extra>
        <technique profile="blender">
          <adapt_thresh>0.000999987</adapt_thresh>
          <area_shape>1</area_shape>
          <area_size>0.1</area_size>
          <area_sizey>0.1</area_sizey>
          <area_sizez>1</area_sizez>
          <atm_distance_factor>1</atm_distance_factor>
          <atm_extinction_factor>1</atm_extinction_factor>
          <atm_turbidity>2</atm_turbidity>
          <att1>0</att1>
          <att2>1</att2>
          <backscattered_light>1</backscattered_light>
          <bias>1</bias>
          <blue>1</blue>
          <buffers>1</buffers>
          <bufflag>0</bufflag>
          <bufsize>2880</bufsize>
          <buftype>2</buftype>
          <clipend>30.002</clipend>
          <clipsta>1.000799</clipsta>
          <compressthresh>0.04999995</compressthresh>
          <dist sid="blender_dist">29.99998</dist>
          <energy sid="blender_energy">1</energy>
          <falloff_type>2</falloff_type>
          <filtertype>0</filtertype>
          <flag>0</flag>
          <gamma sid="blender_gamma">1</gamma>
          <green>1</green>
          <halo_intensity sid="blnder_halo_intensity">1</halo_intensity>
          <horizon_brightness>1</horizon_brightness>
          <mode>8208</mode>
          <ray_samp>1</ray_samp>
          <ray_samp_method>1</ray_samp_method>
          <ray_samp_type>0</ray_samp_type>
          <ray_sampy>1</ray_sampy>
          <ray_sampz>1</ray_sampz>
          <red>1</red>
          <samp>3</samp>
          <shadhalostep>0</shadhalostep>
          <shadow_b sid="blender_shadow_b">0</shadow_b>
          <shadow_g sid="blender_shadow_g">0</shadow_g>
          <shadow_r sid="blender_shadow_r">0</shadow_r>
          <sky_colorspace>0</sky_colorspace>
          <sky_exposure>1</sky_exposure>
          <skyblendfac>1</skyblendfac>
          <skyblendtype>1</skyblendtype>
          <soft>3</soft>
          <spotblend>0.15</spotblend>
          <spotsize>75</spotsize>
          <spread>1</spread>
          <sun_brightness>1</sun_brightness>
          <sun_effect_type>0</sun_effect_type>
          <sun_intensity>1</sun_intensity>
          <sun_size>1</sun_size>
          <type>3</type>
        </technique>
      </extra>
    </light>
  </library_lights>
  <library_images/>
  <library_effects>
    <effect id="Material-effect">
      <profile_COMMON>
        <technique sid="common">
          <phong>
            <emission>
              <color sid="emission">0 0 0 1</color>
            </emission>
            <ambient>
              <color sid="ambient">0 0 0 1</color>
            </ambient>
            <diffuse>
              <color sid="diffuse">0.8 0.4830619 0.2548375 1</color>
            </diffuse>
            <specular>
              <color sid="specular">0.5 0.5 0.5 1</color>
            </specular>
            <shininess>
              <float sid="shininess">50</float>
            </shininess>
            <index_of_refraction>
              <float sid="index_of_refraction">1</float>
            </index_of_refraction>
          </phong>
        </technique>
      </profile_COMMON>
    </effect>
  </library_effects>
  <library_materials>
    <material id="Material-material" name="Material">
      <instance_effect url="#Material-effect"/>
    </material>
  </library_materials>
  <library_geometries>
    <geometry id="Cube-mesh" name="Cube">
      <mesh>
        <source id="Cube-mesh-positions">
          <float_array id="Cube-mesh-positions-array" count="288">1 1 0.3337155 1 -1 0.3337155 -1 -0.9999998 0.3337155 -0.9999997 1 0.3337155 1 0.9999995 1 0.9999994 -1.000001 1 -1 -0.9999997 1 -1 1 1 1.508113 0.0909934 0.2254973 0.9736593 -0.203698 0.4937522 -1 -0.3333331 0.3337155 -0.9999998 0.3333337 0.3337155 1.741746 0.2225158 0.8354583 1.207292 -0.07217532 1.103713 -1 -0.3333331 1 -1 0.3333334 1 0.5000001 1 0.3337155 1.78814e-7 1 0.3337155 -0.4999997 1 0.3337155 0.5 -1 0.3337155 0 -0.9999999 0.3337155 -0.5000001 -0.9999999 0.3337155 0.5000004 0.9999996 1 2.38419e-7 0.9999997 1 -0.4999999 0.9999999 1 0.4999994 -1 1 -5.36442e-7 -1 1 -0.5000005 -0.9999999 1 -0.5000001 0.3333333 1 0 0.3333331 1 0.5000001 0.333333 1 -0.5000002 -0.3333333 1 -2.38419e-7 -0.3333335 1 0.4999998 -0.3333337 1 0.5000001 0.3333334 0.3337155 1.19209e-7 0.3333334 0.3337155 -0.4999998 0.3333336 0.3337155 0.5 -0.3333333 0.3337155 0 -0.3333332 0.3337155 -0.5 -0.3333331 0.3337155 2.179419 -1.122389 0.5995216 1.644965 -1.41708 0.8677765 2.413052 -0.9908661 0.8399633 1.878598 -1.285557 1.108218 1.121328 -2.866466 0.7032342 1.121327 -2.866467 0.9999995 0.6213279 -2.866466 0.7032342 0.6213274 -2.866466 0.9999995 0.4999994 -3.1679 0.7032343 -7.00355e-7 -3.1679 0.7032343 0.4999988 -3.167901 0.9999997 -1.17719e-6 -3.1679 0.9999997 -0.1819931 -2.742897 0.7032346 -0.6819931 -2.742897 0.7032346 -0.1819936 -2.742897 0.9999999 -0.6819936 -2.742897 0.9999999 -1.333654 -2.468929 0.7032347 -1.333654 -2.468929 1 -0.8336538 -2.468929 0.7032347 -0.8336542 -2.468929 1 -1.111218 -1.489643 0.6397566 -1.222436 -1.979286 0.6397566 -1.222436 -1.979286 1.306041 -1.111218 -1.489643 1.306041 -0.611218 -1.489643 0.6397566 -0.7224358 -1.979286 0.6397566 -0.6112184 -1.489643 1.306041 -0.7224363 -1.979286 1.306041 -0.5606648 -1.580966 1.306041 -0.6213292 -2.161931 1.306041 -0.1213293 -2.161932 1.306041 -0.06066489 -1.580966 1.306041 -0.1213288 -2.161931 0.6397565 -0.06066441 -1.580966 0.6397565 -0.6213288 -2.161931 0.6397565 -0.5606644 -1.580966 0.6397565 -2.73188e-7 -1.722633 0.6397565 -4.86771e-7 -2.445267 0.6397563 -9.63608e-7 -2.445267 1.306041 -7.50025e-7 -1.722633 1.306041 0.4999989 -2.445267 1.306041 0.4999992 -1.722634 1.306041 0.4999995 -2.445267 0.6397563 0.4999998 -1.722633 0.6397565 1.040442 -1.622156 1.306041 1.080885 -2.244312 1.306041 1.080885 -2.244311 0.6397562 1.040443 -1.622155 0.6397564 0.5404421 -1.622156 1.306041 0.5808847 -2.244311 1.306041 0.5808853 -2.244311 0.6397562 0.5404427 -1.622155 0.6397564 1.542945 -0.6788663 1.412007 2.077399 -0.3841751 1.143752 1.843766 -0.5156976 0.5337909 1.309312 -0.8103891 0.8020458</float_array>
          <technique_common>
            <accessor source="#Cube-mesh-positions-array" count="96" stride="3">
              <param name="X" type="float"/>
              <param name="Y" type="float"/>
              <param name="Z" type="float"/>
            </accessor>
          </technique_common>
        </source>
        <source id="Cube-mesh-normals">
          <float_array id="Cube-mesh-normals-array" count="483">0 0 -1 -3.57628e-7 0 1 0.9317018 -0.1724237 -0.3196904 -0.9751608 0.2214986 -7.00578e-7 -1 0 -5.36749e-7 2.38419e-7 1 1.78917e-7 -1 0 -4.47291e-7 -1 2.68375e-7 -4.47291e-7 0.7235406 0.6902819 0 0.5066374 -0.1452413 0.8498374 0 0 1 0 0 -1 0 0 -1 0.3200959 0 -0.9473851 0 0 -1 -0.09036761 0.06777572 -0.9935997 0 0 -1 0 0 -1 -0.1450826 0 0.9894196 1.78814e-7 0 1 -1.78814e-7 0 1 1.19209e-7 1 7.15667e-7 2.38419e-7 1 3.57833e-7 2.38419e-7 1 5.3675e-7 0.997894 0.06486684 9.68521e-7 -1 1.54419e-7 -1.60678e-6 0 -0.4660679 0.8847489 0 0 -1 0 0 -1 0.4853789 -0.8742791 0.006599664 -0.3090069 -0.2697671 -0.911998 0.7045205 0.5884337 -0.3967326 -0.6170834 -0.2609724 0.742362 -9.53674e-7 -1 -2.67958e-6 -3.43863e-7 -0.4413932 0.8973138 0 -0.1015021 -0.9948353 -0.9978939 -0.06486755 -2.1195e-6 -9.53674e-7 -1 1.07912e-6 -3.03808e-7 -0.3899767 0.9208247 1 -5.57077e-7 8.94582e-7 0 -0.08750563 -0.9961641 0 -1 0 0.9945924 -0.1038556 7.65746e-7 0 -0.1086167 -0.9940837 -0.9945925 0.1038549 -1.68015e-6 -4.76837e-7 -1 0 0 -0.1285658 -0.991701 0.9751605 -0.2214992 7.12651e-7 0 -0.5300166 0.8479874 5.05463e-7 0.5300166 0.8479874 5.96074e-7 3.78614e-7 1 0.9751607 -0.2214986 5.97736e-7 0.9751607 -0.2214987 6.53603e-7 0 -0.5300167 -0.8479872 0 -1.21731e-7 -1 -0.9751608 0.2214984 -3.56326e-7 -0.9751608 0.2214984 -5.34488e-7 -0.9945924 0.103855 -6.12597e-7 -0.9945924 0.1038551 -6.15207e-7 0 -0.4660678 -0.8847491 0 0 -1 0.9945926 -0.1038548 7.34421e-7 0.9945924 -0.1038551 6.64806e-7 0 0.4660679 0.8847489 0 0 1 0 -0.3899765 -0.9208248 0 1.64965e-7 -1 1 0 8.94582e-7 1 -2.4759e-7 8.94582e-7 3.03808e-7 0.3899766 0.9208248 0 -3.2993e-7 1 -1 0 -7.15666e-7 -1 2.95562e-7 -7.15666e-7 -0.9978939 -0.06486761 -9.14716e-7 -0.997894 -0.06486725 -9.32651e-7 0 -0.4413926 -0.8973142 0 2.8741e-7 -1 0 0.4413927 0.8973141 0 -1.91607e-7 1 0.9978939 0.06486773 1.12015e-6 0.997894 0.06486684 9.52198e-7 -0.8738999 -0.2824442 0.3956314 0.8739002 0.2824438 -0.3956313 -0.1440339 -0.5104736 -0.8477448 0.1440343 0.5104733 0.8477448 0 0 -1 0.9994534 0.03306037 1.01053e-6 -0.9751607 0.2214989 -4.45407e-7 -1 5.3675e-7 -4.47291e-7 2.38419e-7 1 7.15666e-7 -1 5.36749e-7 -3.57833e-7 -1 2.68375e-7 -5.36749e-7 0.7779958 0.4827504 -0.4020881 0.5066373 -0.1452414 0.8498375 3.57628e-7 0 1 -0.1992228 -0.4370852 -0.8770787 0 0 -1 0 0 -1 0.1573848 0.4933148 0.8554943 3.57628e-7 0 1 0.1227256 -0.09204423 0.9881631 -3.57628e-7 0 1 2.38418e-7 1 7.15666e-7 2.38419e-7 1 7.15666e-7 3.57628e-7 1 7.15666e-7 0.997894 0.06486725 2.17448e-6 -1 5.98653e-7 -7.15666e-7 -3.63086e-7 -0.466068 0.8847489 -0.1136684 -0.08525121 0.9898544 0.2645583 0.1984186 -0.9437368 0.4853794 -0.8742789 0.006599664 -0.3090069 -0.2697672 -0.911998 0.6170835 0.260972 -0.7423622 -0.7045207 -0.5884332 0.3967331 0 -1 0 -3.43863e-7 -0.4413927 0.897314 0 -0.1015022 -0.9948353 -0.997894 -0.06486666 -9.32651e-7 0 -1 -1.60678e-6 1 -1.38969e-7 2.00848e-6 0 -0.08750557 -0.996164 0.9945925 -0.1038549 1.5473e-6 0 -0.1086166 -0.9940838 -0.9945924 0.1038557 -5.36022e-7 0 -0.1285656 -0.991701 0.9751607 -0.2214986 1.40001e-6 -4.12905e-7 -0.5300163 0.8479875 0 0.5300163 0.8479875 0.9751608 -0.2214985 6.2357e-7 0.9751608 -0.2214984 6.2357e-7 0 -0.5300165 -0.8479874 0 -1.21731e-7 -1 -0.9751608 0.2214984 -5.34488e-7 -0.9751608 0.2214987 -3.56326e-7 -0.9945926 0.1038548 -6.50884e-7 -0.9945924 0.1038551 -6.12597e-7 0 -0.4660677 -0.8847491 0 0 -1 0.9945925 -0.1038548 6.12597e-7 0.9945924 -0.1038552 6.89172e-7 3.63086e-7 0.4660677 0.8847491 -1.51904e-7 -0.3899765 -0.9208249 0 1.64965e-7 -1 1 1.23795e-7 8.94583e-7 1 -3.71384e-7 8.94582e-7 0 0.3899768 0.9208247 0 -3.2993e-7 1 -1 0 -7.15666e-7 -1 2.95563e-7 -7.15666e-7 -0.9978939 -0.06486761 -9.50587e-7 -0.9978939 -0.06486719 -9.32651e-7 0 -0.4413926 -0.8973141 0 2.8741e-7 -1 3.43863e-7 0.4413925 0.8973143 -3.83214e-7 -1.91607e-7 1 0.9978939 0.06486791 1.0582e-6 0.9978939 0.06486719 1.14788e-6 -0.8739001 -0.2824438 0.3956314 0.8738999 0.2824441 -0.3956315 -0.1440342 -0.5104736 -0.8477447 0.1440343 0.5104733 0.8477447</float_array>
          <technique_common>
            <accessor source="#Cube-mesh-normals-array" count="161" stride="3">
              <param name="X" type="float"/>
              <param name="Y" type="float"/>
              <param name="Z" type="float"/>
            </accessor>
          </technique_common>
        </source>
        <vertices id="Cube-mesh-vertices">
          <input semantic="POSITION" source="#Cube-mesh-positions"/>
        </vertices>
        <polylist material="Material-material" count="188">
          <input semantic="VERTEX" source="#Cube-mesh-vertices" offset="0"/>
          <input semantic="NORMAL" source="#Cube-mesh-normals" offset="1"/>
          <vcount>3 3 3 3 3 3 3 3 3 3 3 3 3 3 3 3 3 3 3 3 3 3 3 3 3 3 3 3 3 3 3 3 3 3 3 3 3 3 3 3 3 3 3 3 3 3 3 3 3 3 3 3 3 3 3 3 3 3 3 3 3 3 3 3 3 3 3 3 3 3 3 3 3 3 3 3 3 3 3 3 3 3 3 3 3 3 3 3 3 3 3 3 3 3 3 3 3 3 3 3 3 3 3 3 3 3 3 3 3 3 3 3 3 3 3 3 3 3 3 3 3 3 3 3 3 3 3 3 3 3 3 3 3 3 3 3 3 3 3 3 3 3 3 3 3 3 3 3 3 3 3 3 3 3 3 3 3 3 3 3 3 3 3 3 3 3 3 3 3 3 3 3 3 3 3 3 3 3 3 3 3 3 3 3 3 3 3 3 </vcount>
          <p>21 0 2 0 10 0 31 1 14 1 6 1 9 2 13 2 5 2 61 3 56 3 57 3 11 4 15 4 7 4 24 5 18 5 3 5 6 6 14 6 10 6 10 7 14 7 15 7 0 8 4 8 12 8 93 9 92 9 43 9 7 10 15 10 28 10 28 10 15 10 14 10 18 11 36 11 11 11 39 12 10 12 11 12 9 13 37 13 34 13 37 14 38 14 35 14 38 14 39 14 36 14 0 15 8 15 34 15 16 16 34 16 35 16 17 17 35 17 36 17 30 18 33 18 13 18 29 19 32 19 33 19 28 20 31 20 32 20 4 10 22 10 30 10 23 19 29 19 30 19 23 10 24 10 28 10 0 21 16 21 22 21 16 22 17 22 23 22 23 23 17 23 18 23 86 24 85 24 45 24 77 25 49 25 51 25 69 26 55 26 54 26 33 10 25 10 5 10 32 10 26 10 25 10 32 10 31 10 27 10 1 27 19 27 37 27 37 28 19 28 20 28 20 27 21 27 39 27 40 29 42 29 43 29 95 30 94 30 40 30 94 31 93 31 42 31 95 32 41 32 43 32 45 33 47 33 46 33 85 34 89 34 47 34 86 35 44 35 46 35 90 36 46 36 47 36 50 37 51 37 49 37 80 38 78 38 51 38 82 39 80 39 50 39 77 40 82 40 48 40 54 41 55 41 53 41 72 42 70 42 54 42 74 43 72 43 52 43 74 44 53 44 55 44 59 45 57 45 56 45 61 46 65 46 58 46 65 47 67 47 59 47 62 48 57 48 59 48 6 49 63 49 66 49 63 50 62 50 67 50 27 51 66 51 64 51 66 52 67 52 65 52 2 53 21 53 64 53 60 54 64 54 65 54 6 55 2 55 60 55 63 56 60 56 61 56 27 57 21 57 75 57 75 58 74 58 69 58 21 59 20 59 73 59 75 60 73 60 72 60 26 61 71 61 73 61 71 62 70 62 72 62 27 63 68 63 71 63 68 64 69 64 70 64 20 65 19 65 83 65 76 66 83 66 82 66 25 67 81 67 83 67 81 68 80 68 82 68 25 69 26 69 79 69 81 70 79 70 78 70 26 71 20 71 76 71 76 72 77 72 78 72 25 73 19 73 91 73 88 74 91 74 90 74 1 75 87 75 91 75 87 76 86 76 90 76 5 77 25 77 88 77 84 78 88 78 89 78 5 79 84 79 87 79 84 80 85 80 86 80 13 81 9 81 95 81 12 82 93 82 94 82 9 83 8 83 94 83 13 84 92 84 93 84 39 85 21 85 10 85 27 10 31 10 6 10 1 86 9 86 5 86 62 87 61 87 57 87 3 88 11 88 7 88 7 89 24 89 3 89 2 90 6 90 10 90 11 91 10 91 15 91 8 92 0 92 12 92 42 93 93 93 43 93 24 10 7 10 28 10 31 94 28 94 14 94 3 27 18 27 11 27 36 27 39 27 11 27 8 95 9 95 34 95 34 12 37 12 35 12 35 96 38 96 36 96 16 97 0 97 34 97 17 27 16 27 35 27 18 27 17 27 36 27 12 98 30 98 13 98 30 99 29 99 33 99 29 10 28 10 32 10 12 100 4 100 30 100 22 10 23 10 30 10 29 101 23 101 28 101 4 102 0 102 22 102 22 103 16 103 23 103 24 104 23 104 18 104 44 105 86 105 45 105 78 106 77 106 51 106 70 107 69 107 54 107 13 108 33 108 5 108 33 10 32 10 25 10 26 10 32 10 27 10 9 109 1 109 37 109 38 27 37 27 20 27 38 27 20 27 39 27 41 110 40 110 43 110 41 111 95 111 40 111 40 112 94 112 42 112 92 113 95 113 43 113 44 114 45 114 46 114 45 115 85 115 47 115 90 116 86 116 46 116 89 117 90 117 47 117 48 118 50 118 49 118 50 38 80 38 51 38 48 119 82 119 50 119 49 120 77 120 48 120 52 114 54 114 53 114 52 121 72 121 54 121 53 122 74 122 52 122 69 123 74 123 55 123 58 114 59 114 56 114 56 124 61 124 58 124 58 125 65 125 59 125 67 126 62 126 59 126 27 127 6 127 66 127 66 10 63 10 67 10 21 128 27 128 64 128 64 129 66 129 65 129 60 130 2 130 64 130 61 131 60 131 65 131 63 132 6 132 60 132 62 133 63 133 61 133 68 134 27 134 75 134 68 135 75 135 69 135 75 136 21 136 73 136 74 137 75 137 72 137 20 138 26 138 73 138 73 139 71 139 72 139 26 140 27 140 71 140 71 10 68 10 70 10 76 141 20 141 83 141 77 142 76 142 82 142 19 143 25 143 83 143 83 144 81 144 82 144 81 145 25 145 79 145 80 146 81 146 78 146 79 147 26 147 76 147 79 148 76 148 78 148 88 149 25 149 91 149 89 150 88 150 90 150 19 151 1 151 91 151 91 152 87 152 90 152 84 153 5 153 88 153 85 154 84 154 89 154 1 155 5 155 87 155 87 156 84 156 86 156 92 157 13 157 95 157 8 158 12 158 94 158 95 159 9 159 94 159 12 160 13 160 93 160</p>
        </polylist>
      </mesh>
    </geometry>
  </library_geometries>
  <library_controllers>
    <controller id="Armature_Cube-skin" name="Armature">
      <skin source="#Cube-mesh">
        <bind_shape_matrix>1 0 0 0 0 -4.37114e-8 1 0 0 -1 -4.37114e-8 0.7017397 0 0 0 1</bind_shape_matrix>
        <source id="Armature_Cube-skin-joints">
          <Name_array id="Armature_Cube-skin-joints-array" count="14">Bone Bone_001 Bone_002 Bone_004 Bone_005 Bone_006 Bone_008 Bone_009 Bone_010 Bone_012 Bone_013 Bone_014 Bone_016 Bone_017</Name_array>
          <technique_common>
            <accessor source="#Armature_Cube-skin-joints-array" count="14" stride="1">
              <param name="JOINT" type="name"/>
            </accessor>
          </technique_common>
        </source>
        <source id="Armature_Cube-skin-bind_poses">
          <float_array id="Armature_Cube-skin-bind_poses-array" count="224">0.9125514 0.02781987 0.4080148 -0.02808147 -0.4080148 0.1298018 0.9037009 -0.09183913 -0.02782022 -0.9911496 0.1298018 0.3583894 0 0 0 1 0.7118062 0.702354 0.005549013 0.08647745 -0.2244607 0.2199811 0.949329 -1.858019 0.6655445 -0.6769838 0.314235 0.3688116 0 0 0 1 0.7537556 0.6571547 1.12094e-4 0.1653236 -0.2207484 0.2530373 0.9419353 -2.372401 0.618969 -0.7100139 0.3357942 0.3072508 0 0 0 1 0.939443 0.3367094 0.0638259 -0.1179625 -0.1258451 0.1657079 0.9781124 0.002510368 0.3187631 -0.926913 0.1980464 0.354528 0 0 0 1 0.9378017 0.3458996 0.02969449 -0.0685482 -0.1435008 0.3083286 0.9403941 -1.771449 0.3161262 -0.8861642 0.3387879 0.09710502 0 0 0 1 0.9678133 0.2300795 0.1019857 -0.1216733 -0.07578182 -0.1200048 0.9898767 -2.123353 0.2399889 -0.9657443 -0.09870642 1.114129 0 0 0 1 0.8654431 -0.4980869 -0.05401575 0.1851937 0.1689666 0.1886746 0.9673944 -0.07473599 -0.4716551 -0.8463517 0.2474474 0.3090633 0 0 0 1 0.9381973 0.3418157 -0.05429506 -0.4062453 -0.02309769 0.2183637 0.9755942 -1.712043 0.3453294 -0.9140456 0.2127635 0.1836965 0 0 0 1 0.5994996 0.8003646 0.00407803 -0.8385199 -0.02268528 0.01189839 0.9996721 -2.325097 0.8000536 -0.5993955 0.02528965 0.2358112 0 0 0 1 0.6825191 -0.6977942 -0.2173727 0.2562114 0.4436514 0.1592012 0.8819459 -0.05043429 -0.5808107 -0.6983827 0.4182351 0.2593245 0 0 0 1 0.9978364 0.01059615 -0.06488519 -0.6812905 0.05599248 0.3802704 0.9231787 -1.709217 0.03445595 -0.9248147 0.3788544 -0.01099181 0 0 0 1 0.9963809 0.02914547 -0.07984679 -0.6645477 0.07059037 0.2395544 0.9683133 -2.364923 0.04734945 -0.9704453 0.23663 0.3268716 0 0 0 1 0.2727211 -0.9613388 -0.03808993 0.3522693 0.8765181 0.2319459 0.4218024 -0.0622363 -0.3966602 -0.1484209 0.9058874 0.09994584 0 0 0 1 0.6565108 -0.748833 -0.09079051 -0.2739568 0.455506 0.2976239 0.839008 -1.301264 -0.6012554 -0.5921733 0.5364912 0.9022154 0 0 0 1</float_array>
          <technique_common>
            <accessor source="#Armature_Cube-skin-bind_poses-array" count="14" stride="16">
              <param name="TRANSFORM" type="float4x4"/>
            </accessor>
          </technique_common>
        </source>
        <source id="Armature_Cube-skin-weights">
          <float_array id="Armature_Cube-skin-weights-array" count="223">0.01218104 0.91614 0.07167899 0.09247827 0.830075 0.06576031 0.01168632 0.1400115 0.8009038 0.05908465 0.6327782 0.2965264 0.07069522 0.007032155 0.8932423 0.09972554 0.9367105 0.06328946 0.07884156 0.717136 0.1229012 0.08112126 0.6113849 0.2261549 0.16246 0.4897003 0.5102998 0.1610266 0.06029254 0.5879988 0.190682 0.9029096 0.09709036 0.8912909 0.08027654 0.02843254 0.08836221 0.9116378 0.07620996 0.04177862 0.8820114 0.8644022 0.1132037 0.022394 0.8434126 0.1032181 0.05336922 0.1423109 0.857689 0.9086695 0.01590418 0.07542634 0.2637904 0.644518 0.01170718 0.0799843 0.06434345 0.709652 0.02574288 0.04743885 0.1203547 0.03246796 0.06219667 0.7625161 0.04454451 0.1062272 0.02451545 0.797706 0.1018781 0.04949146 0.03574073 0.01518374 0.08284783 0.9162802 8.71959e-4 0.0637843 0.258816 0.6773996 0.2296286 0.3871474 0.3832241 0.09174543 0.05316948 0.03239423 0.7632992 0.05939149 0.07710868 0.08238947 0.01744157 0.7052887 0.05726736 0.06050413 0.08188557 0.07182282 0.05785447 0.6722612 0.06384396 0.05233186 0.706391 0.2002441 0.09336495 0.132451 0.659383 0.2081659 0.08618128 0.07569712 0.8076355 0.0304861 0.8193483 0.1201358 0.06051588 0.1228979 0.7147889 0.05840909 0.1004436 0.003460466 0.07342863 0.6890262 0.06761652 0.07720297 0.09272563 0.04131186 0.01568168 0.9430064 1 0.7792891 0.06913572 0.151575 0.01366716 0.9279652 0.05836766 0.06581407 0.855998 0.02011168 0.05807614 0.9918361 0.008163988 1 1 1 1 1 1 1 1 1 1 1 1 1 1 1 1 1 1 1 1 0.09000259 0.9099975 1 0.004856169 0.9951438 0.1426982 0.8573018 0.03782969 0.8435381 0.1186321 0.06262111 0.9373789 0.1685394 0.694247 0.1372135 0.03226906 0.9671189 6.12088e-4 0.1509447 0.8490553 0.01279288 0.9872071 0.07706862 0.9229314 0.4395899 0.5016383 0.05877172 0.03826195 0.9617381 0.04656362 0.8036894 0.149747 1 0.008762776 0.07540953 0.9158276 1 1 1 0.0366162 0.9633837 1 0.9288821 0.07111781 1 0.01432234 0.9856777 0.0597822 0.9402178 1 1 0.06807363 0.9319264 0.06252658 0.9374734 1 1 0.02628016 0.03516757 0.9385522 1 1 0.04294067 0.9570593 0.02429634 0.9757037</float_array>
          <technique_common>
            <accessor source="#Armature_Cube-skin-weights-array" count="223" stride="1">
              <param name="WEIGHT" type="float"/>
            </accessor>
          </technique_common>
        </source>
        <joints>
          <input semantic="JOINT" source="#Armature_Cube-skin-joints"/>
          <input semantic="INV_BIND_MATRIX" source="#Armature_Cube-skin-bind_poses"/>
        </joints>
        <vertex_weights count="96">
          <input semantic="JOINT" source="#Armature_Cube-skin-joints" offset="0"/>
          <input semantic="WEIGHT" source="#Armature_Cube-skin-weights" offset="1"/>
          <vcount>3 4 3 3 3 2 4 3 2 4 2 3 2 3 3 3 2 3 4 6 5 5 3 3 3 5 6 6 3 3 4 3 5 5 3 1 3 3 4 2 1 1 1 1 1 1 1 1 1 1 1 1 1 1 1 1 1 1 1 1 2 1 2 2 3 2 3 3 2 2 2 3 2 3 1 3 1 1 1 2 1 2 1 2 2 1 1 2 2 1 1 3 1 1 2 2 </vcount>
          <v>3 0 12 1 13 2 7 3 10 4 11 5 12 6 0 7 1 8 2 9 0 10 3 11 12 12 3 13 12 14 13 15 10 16 11 17 0 18 1 19 2 20 4 21 0 22 3 23 12 24 12 25 13 26 9 27 10 28 12 29 13 30 0 31 1 32 0 33 3 34 6 35 12 36 13 37 9 38 12 39 13 40 0 41 1 42 3 43 0 44 3 45 12 46 3 47 12 48 3 49 6 50 12 51 0 52 3 53 6 54 12 55 3 56 7 57 8 58 9 59 10 60 11 61 0 62 3 63 4 64 7 65 8 66 0 67 1 68 3 69 4 70 5 71 3 72 12 73 13 74 0 75 3 76 12 77 0 78 3 79 12 80 7 81 8 82 9 83 10 84 11 85 3 86 4 87 5 88 7 89 8 90 10 91 0 92 1 93 2 94 4 95 5 96 7 97 0 98 3 99 12 100 0 101 3 102 12 103 3 104 9 105 12 106 13 107 0 108 3 109 4 110 0 111 3 112 7 113 9 114 12 115 3 116 9 117 10 118 12 119 13 120 6 121 9 122 12 123 6 124 0 125 3 126 6 127 3 128 9 129 12 130 0 131 3 132 6 133 9 134 0 135 3 136 13 137 13 138 13 139 13 140 11 141 11 142 11 143 11 144 8 145 8 146 8 147 8 148 5 149 5 150 5 151 5 152 2 153 2 154 2 155 2 156 1 157 2 158 2 159 1 160 2 161 1 162 2 163 0 164 1 165 2 166 1 167 2 168 1 169 2 170 4 171 1 172 2 173 4 174 4 175 5 176 4 177 5 178 4 179 5 180 4 181 5 182 7 183 4 184 5 185 3 186 4 187 5 188 5 189 0 190 4 191 5 192 8 193 8 194 8 195 7 196 8 197 8 198 8 199 10 200 8 201 7 202 8 203 10 204 11 205 11 206 11 207 10 208 11 209 10 210 11 211 11 212 11 213 7 214 10 215 11 216 13 217 13 218 12 219 13 220 12 221 13 222</v>
        </vertex_weights>
      </skin>
    </controller>
  </library_controllers>
  <library_visual_scenes>
    <visual_scene id="Scene" name="Scene">
      <node id="Camera" name="Camera" type="NODE">
        <matrix sid="transform">0.6858805 -0.3173701 0.6548619 7.481132 0.7276338 0.3124686 -0.6106656 -6.50764 -0.01081678 0.8953432 0.4452454 5.343665 0 0 0 1</matrix>
        <instance_camera url="#Camera-camera"/>
      </node>
      <node id="Lamp" name="Lamp" type="NODE">
        <matrix sid="transform">-0.2908646 -0.7711008 0.5663932 4.076245 0.9551712 -0.1998834 0.2183912 1.005454 -0.05518906 0.6045247 0.7946723 5.903862 0 0 0 1</matrix>
        <instance_light url="#Lamp-light"/>
      </node>
      <node id="Armature" name="Armature" type="NODE">
        <matrix sid="transform">1 0 0 -0.001875455 0 1 0 0.3679197 0 0 1 -0.2099492 0 0 0 1</matrix>
        <node id="Bone" name="Bone" sid="Bone" type="JOINT">
          <matrix sid="transform">0.9125513 -0.4080148 -0.02782021 0 0.02781988 0.1298019 -0.9911496 0 0.4080148 0.9037009 0.1298018 0.2578824 0 0 0 1</matrix>
          <node id="Bone_001" name="Bone.001" sid="Bone_001" type="JOINT">
            <matrix sid="transform">0.6713632 0.1886281 0.7167224 -1.2666e-7 -0.194246 0.9780468 -0.07545131 1.770015 -0.7152203 -0.0885652 0.6932649 -3.72529e-9 0 0 0 1</matrix>
            <node id="Bone_002" name="Bone.002" sid="Bone_002" type="JOINT">
              <matrix sid="transform">0.9980839 0.02581861 -0.0562318 -5.96046e-8 -0.02452046 0.9994195 0.02365527 0.5097908 0.05680995 -0.02223104 0.9981375 -2.98023e-8 0 0 0 1</matrix>
              <node id="Bone_003" name="Bone.003" sid="Bone_003" type="JOINT">
                <matrix sid="transform">0.9712163 -0.2283228 0.0678809 0 0.2381638 0.935755 -0.2600781 0.5425763 -0.004138231 0.2687589 0.9631986 -3.53903e-8 0 0 0 1</matrix>
              </node>
            </node>
          </node>
        </node>
        <node id="Bone_023" name="Bone.023" sid="Bone_023" type="JOINT">
          <matrix sid="transform">0.986214 -0.1178174 0.116193 -1.058049 0.1654744 0.7021827 -0.6925011 0.4293521 -2.23517e-8 0.7021813 0.7119982 3.317701 0 0 0 1</matrix>
        </node>
        <node id="Bone_004" name="Bone.004" sid="Bone_004" type="JOINT">
          <matrix sid="transform">0.9394429 -0.1258452 0.3187632 0 0.3367094 0.1657079 -0.926913 0 0.06382595 0.9781124 0.1980464 0.1448098 0 0 0 1</matrix>
          <node id="Bone_005" name="Bone.005" sid="Bone_005" type="JOINT">
            <matrix sid="transform">0.9993739 0.02902785 0.02022617 -5.58794e-9 -0.03165492 0.9889625 0.1447452 1.738182 -0.01580128 -0.1452948 0.9892623 1.86265e-9 0 0 0 1</matrix>
            <node id="Bone_006" name="Bone.006" sid="Bone_006" type="JOINT">
              <matrix sid="transform">0.9902295 -0.083184 -0.1119195 2.23517e-8 0.02796485 0.9047479 -0.4250282 0.6265893 0.1366145 0.4177456 0.8982345 -5.96046e-8 0 0 0 1</matrix>
              <node id="Bone_007" name="Bone.007" sid="Bone_007" type="JOINT">
                <matrix sid="transform">0.9827505 0.03589376 0.1814189 1.86265e-8 -0.1002782 0.927676 0.3596683 0.5523365 -0.1553881 -0.3716567 0.9152736 -5.96046e-8 0 0 0 1</matrix>
              </node>
            </node>
          </node>
        </node>
        <node id="Bone_022" name="Bone.022" sid="Bone_022" type="JOINT">
          <matrix sid="transform">0.9997078 0.01709184 -0.01708683 -0.4234805 -0.02416796 0.7070042 -0.7067962 0.5645855 1.16415e-8 0.7070027 0.7072108 3.541603 0 0 0 1</matrix>
        </node>
        <node id="Bone_008" name="Bone.008" sid="Bone_008" type="JOINT">
          <matrix sid="transform">0.8654431 0.1689667 -0.4716552 0 -0.498087 0.1886748 -0.8463517 0 -0.05401583 0.9673945 0.2474473 0.215775 0 0 0 1</matrix>
          <node id="Bone_009" name="Bone.009" sid="Bone_009" type="JOINT">
            <matrix sid="transform">0.6446352 -0.1814514 0.7426445 5.40167e-8 0.1704913 0.9810811 0.091718 1.65733 -0.7452369 0.06748977 0.6633754 2.23517e-8 0 0 0 1</matrix>
            <node id="Bone_010" name="Bone.010" sid="Bone_010" type="JOINT">
              <matrix sid="transform">0.8358046 -0.07149351 0.5443521 0 0.1649021 0.9783961 -0.1246932 0.7305006 -0.5236772 0.193984 0.8295373 4.47035e-8 0 0 0 1</matrix>
              <node id="Bone_011" name="Bone.011" sid="Bone_011" type="JOINT">
                <matrix sid="transform">0.5899682 -0.01518391 -0.8072837 0 -0.01529869 0.9994335 -0.02997838 0.7646589 0.8072816 0.03003668 0.5894018 3.63216e-8 0 0 0 1</matrix>
              </node>
            </node>
          </node>
        </node>
        <node id="Bone_021" name="Bone.021" sid="Bone_021" type="JOINT">
          <matrix sid="transform">0.9902338 0.1115855 -0.08358064 0.2402999 -0.1382412 0.7081826 -0.6923632 0.4683042 -0.01806736 0.6971558 0.716692 4.008053 0 0 0 1</matrix>
        </node>
        <node id="Bone_012" name="Bone.012" sid="Bone_012" type="JOINT">
          <matrix sid="transform">0.6825191 0.4436513 -0.5808107 0 -0.6977941 0.1592011 -0.6983825 0 -0.2173727 0.8819458 0.4182352 0.2016643 0 0 0 1</matrix>
          <node id="Bone_013" name="Bone.013" sid="Bone_013" type="JOINT">
            <matrix sid="transform">0.687753 -0.4278086 0.5864946 -1.11759e-8 0.3871532 0.8995745 0.2021841 1.75312 -0.6140915 0.08801061 0.7843122 5.21541e-8 0 0 0 1</matrix>
            <node id="Bone_014" name="Bone.014" sid="Bone_014" type="JOINT">
              <matrix sid="transform">0.9997149 0.01014671 0.0216104 -5.96046e-8 -0.006839998 0.9889744 -0.1479286 0.6734388 -0.02287312 0.1477386 0.988762 -8.9407e-8 0 0 0 1</matrix>
              <node id="Bone_015" name="Bone.015" sid="Bone_015" type="JOINT">
                <matrix sid="transform">0.9985417 -0.01064952 -0.05292615 0 -0.01237933 0.9090633 -0.4164742 0.647784 0.05254846 0.416522 0.9076057 1.3411e-7 0 0 0 1</matrix>
              </node>
            </node>
          </node>
        </node>
        <node id="Bone_020" name="Bone.020" sid="Bone_020" type="JOINT">
          <matrix sid="transform">0.9722288 0.1677997 -0.1631393 0.9116464 -0.2340323 0.6970814 -0.6777214 0.5618317 -3.72529e-8 0.6970801 0.7169933 3.671057 0 0 0 1</matrix>
        </node>
        <node id="Bone_016" name="Bone.016" sid="Bone_016" type="JOINT">
          <matrix sid="transform">0.2727211 0.8765181 -0.3966601 0 -0.9613389 0.2319458 -0.1484209 0 -0.03808996 0.4218023 0.9058874 0.1590789 0 0 0 1</matrix>
          <node id="Bone_017" name="Bone.017" sid="Bone_017" type="JOINT">
            <matrix sid="transform">0.9023846 -0.1938491 0.3848692 -5.12227e-9 0.3634591 0.8221874 -0.4380701 1.502452 -0.2315151 0.535192 0.8123856 -2.98023e-8 0 0 0 1</matrix>
            <node id="Bone_018" name="Bone.018" sid="Bone_018" type="JOINT">
              <matrix sid="transform">0.9741845 0.2257101 -0.004446905 -5.96046e-8 -0.2239665 0.9638107 -0.1445957 0.7616824 -0.02835082 0.1418588 0.9894809 0 0 0 0 1</matrix>
            </node>
          </node>
        </node>
        <node id="Bone_019" name="Bone.019" sid="Bone_019" type="JOINT">
          <matrix sid="transform">0.533439 0.7462956 -0.3981025 1.982814 -0.8458384 0.470661 -0.2510685 0.5966788 -7.45058e-8 0.4706602 0.8823146 1.981064 0 0 0 1</matrix>
        </node>
      </node>
      <node id="Cube" name="Cube" type="NODE">
        <translate sid="location">0 0 0</translate>
        <rotate sid="rotationZ">0 0 1 0</rotate>
        <rotate sid="rotationY">0 1 0 0</rotate>
        <rotate sid="rotationX">1 0 0 0</rotate>
        <scale sid="scale">1 1 1</scale>
        <instance_controller url="#Armature_Cube-skin">
          <skeleton>#Bone</skeleton>
          <skeleton>#Bone_023</skeleton>
          <skeleton>#Bone_004</skeleton>
          <skeleton>#Bone_022</skeleton>
          <skeleton>#Bone_008</skeleton>
          <skeleton>#Bone_021</skeleton>
          <skeleton>#Bone_012</skeleton>
          <skeleton>#Bone_020</skeleton>
          <skeleton>#Bone_016</skeleton>
          <skeleton>#Bone_019</skeleton>
          <bind_material>
            <technique_common>
              <instance_material symbol="Material-material" target="#Material-material"/>
            </technique_common>
          </bind_material>
        </instance_controller>
      </node>
    </visual_scene>
  </library_visual_scenes>
  <scene>
    <instance_visual_scene url="#Scene"/>
  </scene>
</COLLADA>